0.0685513
0.174216
0.0538046
-0.0241868
-0.102064
0.115506
-0.0269647
-0.133054
-0.0201636
-0.0167979
0.0286639
-0.210323
0.0104459
-0.00710453
0.000309379
0.0144452
-0.0144932
0.088365
0.043359
0.118972
-0.135349
-0.203569
0.0765075
-0.0895867
0.0316359
0.121841
0.118668
-0.163564
0.054058
0.000714429
0.0799895
0.0183718
-0.0523075
0.0630228
-0.0945371
-0.100239
0.130298
-0.122073
-0.0171744
-0.0818498
-0.0831417
-0.0810756
-0.102292
-0.0623643
0.0349934
-0.1428
0.031059
-0.00650648
0.228302
-0.119039
-0.0117161
-0.10257
0.0752751
0.112749
-0.0462009
0.15824
-0.0272086
0.143002
0.00478047
0.0327933
0.0575968
-0.0530701
0.0257437
-0.052088
0.138409
0.0201152
0.185397
0.116647
-0.149845
-0.00662812
0.123545
-0.107486
-0.0879783
0.116324
0.111928
-0.085354
-0.0738411
0.09047
0.0548832
-0.0920722
0.183968
0.182306
0.18394
0.0395291
-0.0202757
0.00479363
-0.0676369
0.127281
0.158713
-0.054756
0.0313148
0.0968801
0.201669
-0.0569281
0.108347
-0.00405138
-0.0877076
-0.0816904
0.150458
-0.0328909
-0.0967274
0.0540673
-0.0554725
0.0920967
-0.0387821
-0.0833468
-0.00692089
-0.155122
-0.00533173
-0.00414007
-0.0175842
0.0603541
0.0849815
-0.156866
0.0197256
0.138664
0.0403887
0.0982828
0.0954772
0.185695
0.195215
0.0824151
-0.0227736
0.0473615
0.139962
-0.0442605
-0.0609808
-0.0465795
-0.139405
0.0761098
0.20444
0.175745
-0.155512
-0.0728219
-0.03729
0.129978
0.0377475
-0.112821
-0.135185
0.0658165
-0.0839291
-0.0302045
0.0999295
-0.122041
0.132131
0.0609521
-0.00770992
0.0797372
-0.0140602
-0.0228741
-0.0148227
-0.0637669
0.101677
-0.0182595
0.183174
-0.0274983
0.0795901
-0.108385
0.100998
0.0706491
-0.0293387
0.134016
-0.122734
-0.159867
-0.209945
0.13332
0.0787585
0.0315118
0.037071
0.137906
0.172235
0.102171
-0.00391558
0.0680831
0.0209443
-0.124041
-0.0175566
-0.0767759
0.0464634
-0.0865833
-0.0882442
-0.178512
-0.030238
0.0909556
0.0541913
0.0167051
-0.0186323
-0.0221575
-0.0342772
0.12357
-0.113
-0.0323675
-0.0464155
-0.0750693
0.182849
0.0183662
-0.0322066
0.0732099
-0.0941586
-0.0851884
0.0799046
-0.0558414
-0.0055922
-0.172512
0.0620439
0.151665
-0.0665358
-0.0490766
0.116675
0.0865756
0.0675681
0.0992376
-0.019811
0.0364878
0.04121
0.0164177
-0.0848585
-0.0208228
0.0452323
0.0576671
-0.0575142
0.156296
0.0687619
0.0569944
0.155702
-0.0642838
-0.0266775
-0.0805553
-0.220399
0.0338432
-0.00138685
-0.0608075
-0.0828268
0.0421771
-0.0221006
-0.127643
-0.000791112
-0.0553276
-0.0212958
0.102085
0.0520482
-0.111287
-0.0619755
-0.00342941
0.125977
0.211215
0.121232
-0.0196648
-0.0228912
0.0749632
-0.0193466
0.0948516
0.0289813
0.113668
0.0887772
0.00924002
-0.00046266
0.0523
-0.091065
-0.155738
-0.0350619
-0.126811
0.150645
0.0852413
0.0612609
-0.0598502
-0.0175723
-0.0902506
0.177752
0.0116517
-0.205075
-0.0119175
0.11614
0.0397995
0.0109616
0.104136
-0.0356003
0.164859
0.12802
-0.140522
0.0679205
-0.0732508
0.110036
0.0956478
-0.0514925
0.1779
0.142731
0.114826
-0.00175288
-0.158302
0.0459549
0.101067
0.00977478
-0.0835492
-0.0579874
-0.0561859
-0.0162342
-0.173093
-0.123245
0.0742298
-0.0296467
0.0397781
-0.194175
0.0436096
0.121867
-0.149798
-0.108063
0.179422
-0.00778942
-0.0218707
-0.190901
0.00682314
0.0245918
0.0797201
0.0313322
0.113168
-0.0155489
0.0716108
0.137462
0.00573967
0.069372
0.0574472
0.0231072
-0.053052
-0.00476164
-0.103423
-0.17723
0.0250736
-0.0886575
0.0949729
0.133227
-0.17089
-0.00587083
-0.0149026
0.0180082
0.123385
-0.143324
0.166597
0.0160726
0.0840005
-0.0843469
0.0175754
-0.0395321
-0.178186
-0.0615946
0.10865
0.093576
0.0110105
0.11769
0.0863454
0.00609022
0.162014
-0.0926013
-0.000456043
0.18566
-0.0517126
-0.13008
-0.157077
0.115797
-0.0291254
0.135456
0.219621
-0.0527417
-0.0288507
0.0194575
0.108956
0.00791647
0.0485847
-0.0826619
0.186773
-0.174056
-0.200929
-0.0252118
-0.0409311
0.115317
-0.146364
0.107498
0.0239985
-0.11353
-0.102357
0.0354759
-0.0867666
0.121273
0.109655
0.0490996
-0.0866228
0.0928251
0.0104609
-0.0994541
-0.0564404
0.0223602
-0.196755
-0.0658804
-0.00698858
0.0545396
-0.259683
0.179475
0.0497821
0.143649
0.144059
-0.0369406
-0.148998
-0.0232329
-0.0753615
-0.0129571
0.081428
-0.139151
-0.199615
-0.0160845
-0.0292614
0.079248
0.0425993
0.00883703
0.10664
0.00376243
0.093703
-0.100564
-0.109464
0.13916
-0.0299478
-0.105629
-0.113224
-0.100073
-0.00563785
-0.0911526
0.116115
-0.13578
-0.111673
0.0155962
-0.103458
0.0338678
-0.190966
0.0692972
-0.148171
-0.0330975
-0.0365125
-0.0205886
0.0687207
0.137664
-0.069377
-0.00281798
-0.0802444
-0.0336274
0.00375798
0.00991531
-0.0402599
0.0256466
-0.014069
-0.114904
0.0366732
-0.0744
-0.0251191
0.1285
0.039254
0.0795302
-0.0438062
-0.122229
0.234816
-0.14879
0.0492681
-0.170465
0.0840884
0.146249
-0.0468904
-0.0547431
-0.0053868
-0.0855048
0.10635
-0.0439246
-0.0205684
0.0230461
-0.0616428
-0.00601466
-0.0243657
-0.033513
0.0117987
-0.00553203
0.0778847
0.190792
-0.0741774
-0.0792206
-0.0232256
0.0405896
-0.0485321
-0.115164
-0.119709
0.0843152
0.224298
0.115
-0.0380566
0.0529119
0.0626446
0.0386751
-0.148689
0.0404207
0.0203711
-0.204168
0.0387286
0.0326345
-0.014328
-0.121311
0.0679138
0.0558975
-0.122292
-0.160883
0.0335514
0.0963949
0.0361271
-0.0104509
-0.000581928
-0.0705757
-0.0199936
0.00882828
0.0572532
0.123614
-0.0577757
-0.0466052
0.00428001
-0.0908965
-0.00139325
0.0672475
0.0297445
0.055123
0.125295
0.0771135
-0.0230062
-0.0116784
0.024904
-0.135179
-0.0189987
-0.0647012
-0.0469878
0.0555225
-0.0906014
-0.191119
-0.133014
-0.0441342
0.0514794
0.103243
0.0669007
-0.00938824
-0.0762596
-0.110572
-0.0298923
-0.104356
-0.0776837
0.01307
-0.0586137
-0.0801749
-0.0726205
-0.0385367
-0.0161446
0.122395
0.192126
-0.0617923
-0.0925936
-0.0350046
0.1281
0.0707339
0.0652824
-0.20425
-0.0829315
-0.0410394
-0.0628827
0.179447
0.00682181
0.097263
-0.125441
0.0861192
-0.0534773
0.0325356
-0.00932282
0.0858906
-0.130961
-0.196202
0.134329
0.049656
0.141437
0.0904469
-0.028879
0.182996
0.0223484
-0.0157521
-0.130443
0.0164071
0.106939
-0.00952935
-0.0955589
-0.085233
-0.0379966
-0.0988658
0.0238242
-0.144718
-0.0200865
-0.0382301
0.0661357
0.149834
0.133003
-0.0373529
-0.0467393
-0.042297
0.0274684
-0.131911
0.0530961
-0.194278
0.168677
-0.0305375
0.0304741
0.0280936
0.162652
-0.108544
0.0279607
0.145413
-0.084938
0.0903877
-0.0784552
0.0154178
0.0407764
-0.179434
-0.136104
-0.159752
-0.0388139
0.012888
-0.0716388
0.0261559
-0.0341278
-0.0560478
-0.0291506
0.0349385
0.144784
0.0294528
0.000655409
-0.0196845
-0.00718491
-0.0935648
-0.0441196
-0.020077
-0.0782888
-0.0856534
-0.131696
-0.00432653
0.0317206
-0.119551
-0.0102013
-0.0522441
0.0175023
0.0248051
0.194774
-0.0313571
0.0246761
0.196336
0.144878
-0.0263574
-0.057171
-0.12909
-0.13006
0.0206914
0.0282632
-0.0239121
-0.0915547
0.132933
-0.0155704
-0.00495578
-0.0300208
0.0448223
0.113896
-0.0578585
0.0987548
0.0361095
0.01094
-0.145734
-0.112232
0.00278208
-0.0032469
-0.173094
0.107964
-0.142703
0.0557185
0.0345942
0.100592
-0.0358117
-0.170387
-0.04801
0.10419
0.0325154
-0.181133
-0.0608245
0.00842802
-0.0571027
0.0119129
0.0545581
-0.138753
-0.100893
-0.10389
0.0255513
-0.0203371
0.0581854
0.17216
-0.144547
-0.0475113
0.0872797
-0.181431
-0.0445462
-0.0267578
0.0314725
-0.000434522
-0.0807452
-0.0439789
0.145517
-0.103352
-0.120821
-0.0806214
0.0844464
-0.131078
0.0393858
-0.0310088
-0.019036
-0.0203481
-0.152744
0.147137
-0.0908538
-0.00351775
0.179986
-0.105686
0.0457982
-0.0677295
-0.113559
0.167093
-0.231055
0.230696
-0.162543
-0.0136834
-0.0422521
0.0811602
-0.177189
-0.0376508
0.0681926
-0.0820141
-0.0581319
0.0211036
0.0320095
-0.176067
-0.0328853
-0.084849
0.0337148
-0.0547911
-0.0961303
-0.138376
0.149405
0.102929
-0.0319229
-0.00831091
-0.028894
0.134277
0.0450958
-0.0344511
-0.0700089
-0.0334937
0.0139391
0.0615904
-0.195045
0.0476955
0.0754343
0.143947
-0.0994551
0.125427
-0.107371
-0.00110257
0.0912312
-0.143689
-0.11842
0.076249
0.120367
-0.134868
-0.0398696
-0.0980519
0.0528184
-0.144162
-0.170258
-0.0435015
-0.224956
-0.0364735
-0.0419139
-0.112761
-0.194179
0.114201
0.027337
0.0886469
0.0388429
0.00895922
0.119846
0.138487
-0.105794
0.0093863
0.111482
-0.144899
-0.0379955
-0.0162239
-0.0626105
-0.0384349